70
52
21
25
14
60
96
31
67
48
45
58
52
4
86
91
13
90
35
39
86
96
73
92
81
78
94
77
28
90
13
49
38
51
67
70
10
76
87
64
86
55
85
48
83
63
24
46
71
76
27
30
34
42
64
80
9
32
97
85
60
47
59
5
45
51
26
68
68
68
84
96
69
71
17
68
85
36
12
11
18
72
77
77
42
20
49
25
58
5
5
47
99
17
28
85
58
64
32
89
70
36
10
19
52
20
71
98
49
88
50
21
81
3
26
70
86
68
92
61
24
3
38
14
4
52
42
39
46
91
41
62
91
39
8
65
28
95
45
39
44
38
1
50
20
80
32
6
78
5
29
94
51
9
32
12
83
88
49
49
22
48
20
96
49
26
48
100
77
69
68
3
19
53
77
20
34
80
66
9
79
42
19
44
28
66
46
52
65
34
9
43
36
81
95
70
6
80
46
49
64
83
5
4
16
10
97
14
60
33
81
79
56
15
46
1
24
23
97
64
8
29
14
71
34
43
94
19
55
10
24
83
66
47
57
11
95
48
39
41
87
94
2
18
42
8
28
13
40
52
97
33
13
57
38
45
99
42
87
41
95
74
45
51
30
16
16
63
90
13
27
96
93
47
39
3
38
33
27
25
87
78
51
14
90
46
1
34
13
83
64
27
56
50
16
53
56
14
33
92
9
23
97
20
2
83
13
93
55
40
30
13
18
91
24
34
45
16
60
54
7
12
60
26
24
7
14
26
75
52
20
86
46
98
17
91
41
27
74
70
85
6
84
29
78
96
94
82
23
52
67
94
59
27
83
20
58
95
77
7
1
80
91
43
18
43
100
64
15
11
100
73
53
87
76
11
93
22
36
8
30
61
15
48
13