60
5
10
5
10
5
10
5
10
5
10
5
10
5
10
5
10
5
10
5
10
5
10
5
10
5
10
5
10
5
10
5
10
5
10
5
10
5
10
5
10
5
10
5
10
5
10
5
10
5
10
5
10
5
10
5
10
5
10
5
10
5
10
5
10
5
10
5
10
5
10
5
10
5
10
5
10
5
10
5
10
5
10
5
10
5
10
5
10
5
10
5
10
5
10
5
10
5
10
5
10
5
10
5
10
5
10
5
10
5
10
5
10
5
10
5
10
5
10
5
10
5
10
5
10
5
10
5
10
5
10
5
10
5
10
5
10
5
10
5
10
5
10
5
10
5
10
5
10
5
10
5
10
5
10
5
10
5
10
5
10
5
10
5
10
5
10
5
10
5
10
5
10
5
10
5
10
5
10
5
10
5
10
5
10
5
10
5
10
5
10
5
10
5
10
5
10
5
10
5
10
100
0
100
0
100
0
100
0
100
0
100
0
100
0
100
0
100
0
100
0
100
0
100
0
100
0
100
0
100
0
100
0
100
0
100
0
